0 37.4 147.0 147.0 12.1 105.4 10.4 179.4 37.4 29.7 17.7 84.3 84.3 178.1 47.0 37.4 36.2 29.7 14.1 143.1 346.4 133.7 133.7 346.4 13.8 29.4 13.8 28.1 12.8 46.2 47.0 138.9 185.8 36.8 36.8 155.0 71.5 50.3 18.2 64.4 155.0 71.5 71.5 11.6 113.9 113.9 79.8 79.8 10.4 14.6 153.7 153.7 26.7 119.5 7.7 119.5 9.2 9.2 147.2 147.2 73.2 73.2 59.8 134.6 9.6 9.6 72.4 18.2 131.5 131.5 59.5 213.3 58.9 59.5 58.9 26.2 88.6 52.7 52.7 184.5 11.9 104.2 11.9 6.0 21.7 2.2 9.2 27.6 19.0 54.6 19.0 106.5 10.0 10.0 40.9 156.4 156.4 58.0 185.8
0 0 172.0 172.0 41.7 73.9 31.9 201.7 0.0 32.5 42.4 120.3 120.3 146.0 16.2 0.0 71.3 32.5 24.8 105.8 366.3 170.6 170.6 366.3 51.1 17.0 51.1 14.8 45.7 83.6 16.3 104.6 150.0 14.8 14.8 118.3 100.0 84.4 55.1 28.6 118.3 100.0 100.0 45.1 132.8 132.8 42.9 42.9 33.9 51.5 182.5 182.5 25.7 153.5 42.4 153.5 44.1 44.1 161.0 161.0 103.6 103.6 24.6 153.7 46.0 46.0 92.6 55.1 94.2 94.2 76.7 180.2 90.8 76.7 90.8 20.8 55.9 18.3 18.3 203.3 30.6 68.6 30.6 42.2 57.7 37.5 44.1 62.9 26.7 74.9 26.7 133.2 37.0 37.0 75.2 192.3 192.3 88.4 150.0
0 0 0 0.0 155.1 195.5 157.3 35.4 172.0 139.8 132.5 91.4 91.4 249.0 187.3 172.0 146.0 139.8 159.2 258.8 201.6 104.3 104.3 201.6 138.3 173.7 138.3 171.3 134.2 124.2 187.4 274.2 276.8 179.7 179.7 258.5 176.2 150.5 141.3 199.5 258.5 176.2 176.2 150.8 46.5 46.5 210.2 210.2 157.2 142.6 25.4 25.4 146.4 174.1 149.4 174.1 148.9 148.9 55.7 55.7 171.4 171.4 180.5 33.5 145.8 145.8 79.8 141.3 245.7 245.7 96.1 282.5 161.0 96.1 161.0 171.8 189.7 190.3 190.3 50.3 158.8 210.3 158.8 141.1 144.3 145.2 148.9 145.7 165.7 97.2 165.7 40.6 155.9 155.9 149.0 91.9 91.9 89.9 276.8
0 0 0 0 155.1 195.5 157.3 35.4 172.0 139.8 132.5 91.4 91.4 249.0 187.3 172.0 146.0 139.8 159.2 258.8 201.6 104.3 104.3 201.6 138.3 173.7 138.3 171.3 134.2 124.2 187.4 274.2 276.8 179.7 179.7 258.5 176.2 150.5 141.3 199.5 258.5 176.2 176.2 150.8 46.5 46.5 210.2 210.2 157.2 142.6 25.4 25.4 146.4 174.1 149.4 174.1 148.9 148.9 55.7 55.7 171.4 171.4 180.5 33.5 145.8 145.8 79.8 141.3 245.7 245.7 96.1 282.5 161.0 96.1 161.0 171.8 189.7 190.3 190.3 50.3 158.8 210.3 158.8 141.1 144.3 145.2 148.9 145.7 165.7 97.2 165.7 40.6 155.9 155.9 149.0 91.9 91.9 89.9 276.8
0 0 0 0 0 113.4 9.8 188.2 41.7 41.2 29.5 86.3 86.3 186.1 47.4 41.7 29.7 41.2 17.1 146.4 355.5 133.6 133.6 355.5 16.9 29.1 16.9 29.0 23.0 45.3 47.4 137.8 191.7 36.6 36.6 159.9 61.1 42.8 16.4 65.8 159.9 61.1 61.1 4.8 124.0 124.0 81.9 81.9 7.8 13.7 160.3 160.3 37.4 112.0 5.9 112.0 6.2 6.2 158.0 158.0 63.5 63.5 65.8 144.4 9.4 9.4 82.8 16.4 135.3 135.3 70.7 220.9 49.9 70.7 49.9 24.8 96.0 54.0 54.0 194.2 11.1 110.2 11.1 15.8 17.1 14.2 6.2 21.6 16.6 65.3 16.6 114.5 4.7 4.7 33.5 158.0 158.0 65.3 191.7
0 0 0 0 0 0 103.7 216.2 73.9 81.0 99.8 175.4 175.4 72.8 79.2 73.9 141.5 81.0 96.6 67.0 367.0 227.2 227.2 367.0 117.4 90.7 117.4 88.7 107.6 147.9 79.2 102.0 85.4 86.3 86.3 63.1 173.6 155.5 123.3 67.2 63.1 173.6 173.6 115.8 149.3 149.3 58.8 58.8 105.8 119.8 213.5 213.5 80.1 224.9 112.3 224.9 114.1 114.1 162.9 162.9 176.7 176.7 49.8 167.3 114.9 114.9 121.8 123.3 54.6 54.6 107.3 108.0 163.3 107.3 163.3 94.7 18.3 73.0 73.0 210.2 102.8 22.5 102.8 107.9 127.1 104.5 114.1 132.9 100.3 110.7 100.3 164.8 108.7 108.7 146.1 242.9 242.9 135.2 85.4
0 0 0 0 0 0 0 189.7 31.9 34.3 26.9 93.1 93.1 176.4 38.7 31.9 39.4 34.3 7.2 137.0 356.7 141.6 141.6 356.7 22.1 20.5 22.1 19.9 23.2 53.4 38.7 130.1 181.9 28.1 28.1 150.2 70.3 52.6 24.2 56.9 150.2 70.3 70.3 13.3 123.9 123.9 72.7 72.7 2.1 20.8 163.9 163.9 29.5 121.9 11.2 121.9 12.8 12.8 156.7 156.7 73.1 73.1 56.0 144.6 15.4 15.4 82.4 24.2 125.8 125.8 69.0 211.1 59.6 69.0 59.6 16.7 86.3 45.0 45.0 194.6 1.7 100.4 1.7 16.3 26.1 12.2 12.8 31.1 8.9 64.4 8.9 116.9 5.1 5.1 43.3 165.2 165.2 68.3 181.9
0 0 0 0 0 0 0 0 201.7 169.2 164.0 126.6 126.6 262.6 217.4 201.7 180.8 169.2 190.9 281.6 167.4 134.7 134.7 167.4 171.7 205.0 171.7 202.4 166.5 159.3 217.5 301.4 293.6 210.5 210.5 278.7 211.6 185.7 175.1 228.2 278.7 211.6 211.6 184.1 69.6 69.6 237.7 237.7 189.7 176.1 48.8 48.8 176.0 208.3 182.4 208.3 182.0 182.0 57.5 57.5 206.8 206.8 207.5 49.5 178.9 178.9 109.1 175.1 268.6 268.6 124.9 294.3 196.3 124.9 196.3 203.3 212.8 219.7 219.7 21.8 191.1 233.1 191.1 173.7 178.4 177.5 182.0 180.0 197.8 127.2 197.8 74.7 188.7 188.7 183.9 117.1 117.1 123.5 293.6
0 0 0 0 0 0 0 0 0 32.5 42.4 120.3 120.3 146.0 16.2 0.0 71.3 32.5 24.8 105.8 366.3 170.6 170.6 366.3 51.1 17.0 51.1 14.8 45.7 83.6 16.3 104.6 150.0 14.8 14.8 118.3 100.0 84.4 55.1 28.6 118.3 100.0 100.0 45.1 132.8 132.8 42.9 42.9 33.9 51.5 182.5 182.5 25.7 153.5 42.4 153.5 44.1 44.1 161.0 161.0 103.6 103.6 24.6 153.7 46.0 46.0 92.6 55.1 94.2 94.2 76.7 180.2 90.8 76.7 90.8 20.8 55.9 18.3 18.3 203.3 30.6 68.6 30.6 42.2 57.7 37.5 44.1 62.9 26.7 74.9 26.7 133.2 37.0 37.0 75.2 192.3 192.3 88.4 150.0
0 0 0 0 0 0 0 0 0 0 18.9 96.4 96.4 152.8 48.4 32.5 63.9 0.0 30.2 128.8 334.0 148.1 148.1 334.0 38.4 39.1 38.4 36.0 27.3 67.1 48.4 135.2 164.8 42.9 42.9 136.6 101.0 78.2 45.0 59.7 136.6 101.0 101.0 41.3 100.3 100.3 71.6 71.6 36.0 42.0 151.2 151.2 7.1 146.3 37.4 146.3 38.8 38.8 129.4 129.4 102.4 102.4 43.9 121.3 38.4 38.4 60.2 45.0 116.2 116.2 44.3 188.5 87.8 44.3 87.8 39.3 66.1 50.6 50.6 171.0 34.6 84.5 34.6 29.7 49.6 28.0 38.8 55.6 37.8 42.7 37.8 101.6 37.6 37.6 69.0 166.8 166.8 59.6 164.8
0 0 0 0 0 0 0 0 0 0 0 79.4 79.4 171.7 56.0 42.4 46.5 18.9 27.0 145.1 330.6 130.7 130.7 330.6 20.9 41.2 20.9 38.9 9.1 48.2 56.0 147.0 183.2 47.5 47.5 154.3 85.0 60.5 27.9 71.0 154.3 85.0 85.0 27.7 97.3 97.3 84.8 84.8 27.6 25.4 141.1 141.1 20.6 127.8 24.2 127.8 25.0 25.0 129.8 129.8 85.6 85.6 59.9 118.1 23.3 23.3 55.8 27.9 132.8 132.8 42.1 207.4 70.8 42.1 70.8 39.4 84.6 60.2 60.2 168.2 28.0 102.4 28.0 14.3 32.8 15.5 25.0 38.6 34.1 37.6 34.1 92.6 27.7 27.7 51.7 150.8 150.8 46.2 183.2
0 0 0 0 0 0 0 0 0 0 0 0 0.0 244.5 131.2 120.3 65.0 96.4 98.4 224.5 289.6 51.9 51.9 289.6 71.0 113.5 71.0 112.3 74.7 42.6 131.2 223.1 260.4 121.0 121.0 233.1 86.9 64.3 69.9 148.4 233.1 86.9 86.9 81.6 86.9 86.9 163.2 163.2 92.0 72.8 85.6 85.6 99.8 86.1 82.2 86.1 80.9 80.9 122.9 122.9 81.3 81.3 139.2 99.4 78.0 78.0 67.9 69.9 212.2 212.2 74.4 280.5 73.0 74.4 73.0 109.9 162.1 136.8 136.8 140.4 94.8 180.9 94.8 78.7 70.3 83.5 80.9 68.6 101.9 68.5 101.9 58.1 89.4 89.4 66.0 72.2 72.2 41.7 260.4
0 0 0 0 0 0 0 0 0 0 0 0 0 244.5 131.2 120.3 65.0 96.4 98.4 224.5 289.6 51.9 51.9 289.6 71.0 113.5 71.0 112.3 74.7 42.6 131.2 223.1 260.4 121.0 121.0 233.1 86.9 64.3 69.9 148.4 233.1 86.9 86.9 81.6 86.9 86.9 163.2 163.2 92.0 72.8 85.6 85.6 99.8 86.1 82.2 86.1 80.9 80.9 122.9 122.9 81.3 81.3 139.2 99.4 78.0 78.0 67.9 69.9 212.2 212.2 74.4 280.5 73.0 74.4 73.0 109.9 162.1 136.8 136.8 140.4 94.8 180.9 94.8 78.7 70.3 83.5 80.9 68.6 101.9 68.5 101.9 58.1 89.4 89.4 66.0 72.2 72.2 41.7 260.4
0 0 0 0 0 0 0 0 0 0 0 0 0 0 148.9 146.0 214.3 152.8 169.2 81.7 395.3 295.9 295.9 395.3 190.0 162.4 190.0 160.7 179.9 219.9 148.9 132.9 40.3 157.2 157.2 57.3 246.0 228.3 195.9 133.8 57.3 246.0 246.0 188.5 203.0 203.0 120.8 120.8 178.5 192.5 270.3 270.3 152.6 297.6 185.1 297.6 186.8 186.8 205.5 205.5 249.3 249.3 121.4 217.2 187.7 187.7 184.6 195.9 79.2 79.2 172.5 35.9 236.0 172.5 236.0 166.5 90.2 142.1 142.1 251.7 175.4 80.1 175.4 180.6 199.8 177.2 186.8 205.7 172.6 177.1 172.6 224.9 181.4 181.4 218.9 308.8 308.8 203.2 40.3
0 0 0 0 0 0 0 0 0 0 0 0 0 0 0 16.2 76.5 48.4 32.9 99.8 382.4 180.3 180.3 382.4 60.4 18.3 60.4 18.9 57.5 92.1 0.0 92.0 148.6 10.8 10.8 115.3 99.7 88.4 62.9 18.7 115.3 99.7 99.7 51.7 148.7 148.7 34.9 34.9 40.3 59.6 197.0 197.0 41.4 155.9 49.9 155.9 51.5 51.5 177.2 177.2 104.2 104.2 30.3 169.7 54.0 54.0 108.3 62.9 89.4 89.4 92.6 181.9 92.9 92.6 92.9 22.6 61.0 7.2 7.2 219.4 37.1 69.3 37.1 52.6 64.4 47.8 51.5 68.8 30.8 90.3 30.8 148.1 43.2 43.2 79.7 203.4 203.4 102.1 148.6
0 0 0 0 0 0 0 0 0 0 0 0 0 0 0 0 71.3 32.5 24.8 105.8 366.3 170.6 170.6 366.3 51.1 17.0 51.1 14.8 45.7 83.6 16.3 104.6 150.0 14.8 14.8 118.3 100.0 84.4 55.1 28.6 118.3 100.0 100.0 45.1 132.8 132.8 42.9 42.9 33.9 51.5 182.5 182.5 25.7 153.5 42.4 153.5 44.1 44.1 161.0 161.0 103.6 103.6 24.6 153.7 46.0 46.0 92.6 55.1 94.2 94.2 76.7 180.2 90.8 76.7 90.8 20.8 55.9 18.3 18.3 203.3 30.6 68.6 30.6 42.2 57.7 37.5 44.1 62.9 26.7 74.9 26.7 133.2 37.0 37.0 75.2 192.3 192.3 88.4 150.0
0 0 0 0 0 0 0 0 0 0 0 0 0 0 0 0 0 63.9 46.5 175.9 347.6 107.6 107.6 347.6 25.6 58.4 25.6 58.6 37.4 22.9 76.5 165.0 221.1 65.7 65.7 189.6 39.6 14.2 18.9 95.1 189.6 39.6 39.6 26.2 123.1 123.1 111.3 111.3 37.4 22.1 146.6 146.6 62.4 83.3 29.4 83.3 27.6 27.6 159.4 159.4 39.4 39.4 95.1 141.9 26.6 26.6 85.0 18.9 165.0 165.0 77.8 249.4 24.5 77.8 24.5 54.0 124.6 83.4 83.4 190.0 40.7 139.6 40.7 34.4 14.5 37.2 27.6 8.6 46.0 71.0 46.0 106.1 34.3 34.3 5.2 134.1 134.1 59.0 221.1
0 0 0 0 0 0 0 0 0 0 0 0 0 0 0 0 0 0 30.2 128.8 334.0 148.1 148.1 334.0 38.4 39.1 38.4 36.0 27.3 67.1 48.4 135.2 164.8 42.9 42.9 136.6 101.0 78.2 45.0 59.7 136.6 101.0 101.0 41.3 100.3 100.3 71.6 71.6 36.0 42.0 151.2 151.2 7.1 146.3 37.4 146.3 38.8 38.8 129.4 129.4 102.4 102.4 43.9 121.3 38.4 38.4 60.2 45.0 116.2 116.2 44.3 188.5 87.8 44.3 87.8 39.3 66.1 50.6 50.6 171.0 34.6 84.5 34.6 29.7 49.6 28.0 38.8 55.6 37.8 42.7 37.8 101.6 37.6 37.6 69.0 166.8 166.8 59.6 164.8
0 0 0 0 0 0 0 0 0 0 0 0 0 0 0 0 0 0 0 130.2 357.5 147.5 147.5 357.5 27.5 15.4 27.5 14.0 25.7 59.6 32.9 124.8 174.7 22.7 22.7 143.1 77.3 59.8 30.6 50.6 143.1 77.3 77.3 20.3 124.2 124.2 66.2 66.2 9.3 27.2 166.8 166.8 24.4 129.1 17.7 129.1 19.5 19.5 156.0 156.0 80.2 80.2 48.7 145.0 21.6 21.6 82.7 30.6 118.9 118.9 68.4 203.9 66.8 68.4 66.8 12.6 79.1 38.8 38.8 195.1 6.2 93.2 6.2 19.9 33.0 15.2 19.5 38.1 7.8 64.5 7.8 119.1 12.3 12.3 50.6 170.5 170.5 71.2 174.7
0 0 0 0 0 0 0 0 0 0 0 0 0 0 0 0 0 0 0 0 433.9 275.6 275.6 433.9 156.8 117.6 156.8 117.4 150.4 189.3 99.8 51.3 58.8 110.4 110.4 25.2 198.0 188.1 160.8 81.1 25.2 198.0 198.0 150.3 213.4 213.4 64.9 64.9 138.8 157.2 274.8 274.8 124.8 255.3 147.9 255.3 149.6 149.6 229.4 229.4 203.0 203.0 85.3 232.3 151.7 151.7 181.5 160.8 13.1 13.1 165.7 102.2 192.4 165.7 192.4 122.0 69.1 92.7 92.7 276.6 135.5 48.6 135.5 147.8 163.1 143.2 149.6 167.9 130.0 167.3 130.0 225.1 141.9 141.9 179.3 295.6 295.6 188.2 58.8
0 0 0 0 0 0 0 0 0 0 0 0 0 0 0 0 0 0 0 0 0 281.5 281.5 0.0 339.0 371.1 339.0 368.4 333.6 325.6 382.4 461.2 432.4 376.3 376.3 425.8 376.2 351.5 342.5 391.4 425.8 376.2 376.2 351.5 233.8 233.8 398.9 398.9 356.8 343.5 204.2 204.2 341.0 363.1 349.7 363.1 349.3 349.3 207.1 207.1 370.9 370.9 368.8 212.8 346.3 346.3 275.0 342.5 421.5 421.5 290.1 420.1 361.6 290.1 361.6 369.8 368.0 383.9 383.9 163.0 358.0 386.9 358.0 340.8 345.7 344.5 349.3 347.2 364.6 293.2 364.6 241.9 355.9 355.9 350.5 254.1 254.1 290.9 432.4
0 0 0 0 0 0 0 0 0 0 0 0 0 0 0 0 0 0 0 0 0 0 0.0 281.5 120.0 162.1 120.0 161.3 125.3 88.3 180.3 271.4 312.3 169.7 169.7 284.8 114.2 101.2 117.5 198.0 284.8 114.2 114.2 129.0 120.9 120.9 213.4 213.4 140.1 120.7 86.0 86.0 151.2 82.6 130.4 82.6 128.9 128.9 151.6 151.6 107.2 107.2 190.5 126.0 126.2 126.2 114.9 117.5 263.5 263.5 124.3 331.8 105.4 124.3 105.4 158.2 213.9 186.3 186.3 153.6 143.2 232.7 143.2 128.5 116.7 133.2 128.9 113.4 150.0 119.0 150.0 88.6 137.3 137.3 106.6 30.8 30.8 92.6 312.3
0 0 0 0 0 0 0 0 0 0 0 0 0 0 0 0 0 0 0 0 0 0 0 281.5 120.0 162.1 120.0 161.3 125.3 88.3 180.3 271.4 312.3 169.7 169.7 284.8 114.2 101.2 117.5 198.0 284.8 114.2 114.2 129.0 120.9 120.9 213.4 213.4 140.1 120.7 86.0 86.0 151.2 82.6 130.4 82.6 128.9 128.9 151.6 151.6 107.2 107.2 190.5 126.0 126.2 126.2 114.9 117.5 263.5 263.5 124.3 331.8 105.4 124.3 105.4 158.2 213.9 186.3 186.3 153.6 143.2 232.7 143.2 128.5 116.7 133.2 128.9 113.4 150.0 119.0 150.0 88.6 137.3 137.3 106.6 30.8 30.8 92.6 312.3
0 0 0 0 0 0 0 0 0 0 0 0 0 0 0 0 0 0 0 0 0 0 0 0 339.0 371.1 339.0 368.4 333.6 325.6 382.4 461.2 432.4 376.3 376.3 425.8 376.2 351.5 342.5 391.4 425.8 376.2 376.2 351.5 233.8 233.8 398.9 398.9 356.8 343.5 204.2 204.2 341.0 363.1 349.7 363.1 349.3 349.3 207.1 207.1 370.9 370.9 368.8 212.8 346.3 346.3 275.0 342.5 421.5 421.5 290.1 420.1 361.6 290.1 361.6 369.8 368.0 383.9 383.9 163.0 358.0 386.9 358.0 340.8 345.7 344.5 349.3 347.2 364.6 293.2 364.6 241.9 355.9 355.9 350.5 254.1 254.1 290.9 432.4
0 0 0 0 0 0 0 0 0 0 0 0 0 0 0 0 0 0 0 0 0 0 0 0 0 42.5 0.0 41.4 11.9 32.5 60.4 152.1 198.9 50.0 50.0 168.5 64.1 39.8 6.9 78.1 168.5 64.1 64.1 12.5 108.5 108.5 93.5 93.5 21.1 5.2 143.4 143.4 37.4 108.0 11.7 108.0 10.7 10.7 143.3 143.3 64.7 64.7 73.2 128.6 7.6 7.6 67.8 6.9 145.2 145.2 57.2 225.4 49.9 57.2 49.9 38.9 101.1 66.3 66.3 178.2 23.8 117.3 23.8 9.5 11.9 13.7 10.7 17.7 31.0 51.2 31.0 97.7 18.8 18.8 30.8 143.1 143.1 48.5 198.9
0 0 0 0 0 0 0 0 0 0 0 0 0 0 0 0 0 0 0 0 0 0 0 0 0 0 42.5 3.2 41.0 73.9 18.3 109.7 164.8 7.6 7.6 132.2 84.0 70.6 44.7 36.8 132.2 84.0 84.0 33.4 137.4 137.4 52.9 52.9 22.0 41.4 182.0 182.0 32.1 138.8 31.7 138.8 33.3 33.3 168.1 168.1 87.9 87.9 41.0 158.4 35.9 35.9 96.1 44.7 106.9 106.9 81.2 196.3 75.8 81.2 75.8 4.4 72.6 25.0 25.0 208.4 18.9 84.1 18.9 35.3 46.1 30.6 33.3 50.6 12.5 77.9 12.5 133.8 24.9 24.9 61.7 185.6 185.6 86.4 164.8
0 0 0 0 0 0 0 0 0 0 0 0 0 0 0 0 0 0 0 0 0 0 0 0 0 0 0 41.4 11.9 32.5 60.4 152.1 198.9 50.0 50.0 168.5 64.1 39.8 6.9 78.1 168.5 64.1 64.1 12.5 108.5 108.5 93.5 93.5 21.1 5.2 143.4 143.4 37.4 108.0 11.7 108.0 10.7 10.7 143.3 143.3 64.7 64.7 73.2 128.6 7.6 7.6 67.8 6.9 145.2 145.2 57.2 225.4 49.9 57.2 49.9 38.9 101.1 66.3 66.3 178.2 23.8 117.3 23.8 9.5 11.9 13.7 10.7 17.7 31.0 51.2 31.0 97.7 18.8 18.8 30.8 143.1 143.1 48.5 198.9
0 0 0 0 0 0 0 0 0 0 0 0 0 0 0 0 0 0 0 0 0 0 0 0 0 0 0 0 39.2 73.2 19.0 110.8 163.7 8.8 8.8 131.4 85.4 71.1 44.1 37.0 131.4 85.4 85.4 33.1 134.6 134.6 52.9 52.9 21.6 40.7 179.8 179.8 29.0 139.7 31.1 139.7 32.7 32.7 165.1 165.1 89.2 89.2 39.2 155.6 35.2 35.2 93.4 44.1 106.4 106.4 78.4 194.8 76.8 78.4 76.8 6.0 70.7 25.1 25.1 205.6 18.3 82.7 18.3 33.8 45.9 29.0 32.7 50.6 12.7 75.2 12.7 131.5 24.6 24.6 62.1 184.5 184.5 84.4 163.7
0 0 0 0 0 0 0 0 0 0 0 0 0 0 0 0 0 0 0 0 0 0 0 0 0 0 0 0 0 40.5 57.5 149.4 190.2 48.0 48.0 160.7 75.9 51.4 18.8 73.9 160.7 75.9 75.9 20.2 101.3 101.3 88.6 88.6 23.2 16.5 141.2 141.2 27.5 119.0 17.2 119.0 17.5 17.5 135.0 135.0 76.5 76.5 65.6 121.9 15.3 15.3 59.9 18.8 138.4 138.4 47.8 215.4 61.7 47.8 61.7 38.3 91.9 62.6 62.6 171.8 24.7 109.0 24.7 7.3 23.8 11.0 17.5 29.5 31.6 42.4 31.6 93.8 22.4 22.4 42.5 146.6 146.6 45.5 190.2
0 0 0 0 0 0 0 0 0 0 0 0 0 0 0 0 0 0 0 0 0 0 0 0 0 0 0 0 0 0 92.1 183.1 230.6 81.5 81.5 200.7 54.4 26.8 29.2 110.1 200.7 54.4 54.4 40.7 104.7 104.7 125.8 125.8 51.9 32.5 123.9 123.9 68.0 81.9 42.2 81.9 40.6 40.6 141.7 141.7 51.4 51.4 105.4 122.5 38.1 38.1 70.0 29.2 177.6 177.6 66.6 255.6 38.3 66.6 38.3 69.9 132.3 98.3 98.3 169.4 55.0 149.3 55.0 41.7 28.5 46.1 40.6 26.1 61.6 59.5 61.6 85.0 49.0 49.0 24.9 113.1 113.1 40.8 230.6
0 0 0 0 0 0 0 0 0 0 0 0 0 0 0 0 0 0 0 0 0 0 0 0 0 0 0 0 0 0 0 92.0 148.6 10.8 10.8 115.3 99.7 88.4 62.9 18.6 115.3 99.7 99.7 51.7 148.8 148.8 34.9 34.9 40.3 59.6 197.1 197.1 41.5 155.9 49.9 155.9 51.5 51.5 177.3 177.3 104.2 104.2 30.4 169.7 54.1 54.1 108.3 62.9 89.4 89.4 92.6 181.9 92.9 92.6 92.9 22.6 61.0 7.2 7.2 219.4 37.1 69.3 37.1 52.6 64.4 47.8 51.5 68.8 30.8 90.4 30.8 148.1 43.2 43.2 79.7 203.4 203.4 102.1 148.6
0 0 0 0 0 0 0 0 0 0 0 0 0 0 0 0 0 0 0 0 0 0 0 0 0 0 0 0 0 0 0 0 107.8 102.2 102.2 76.4 177.4 174.7 154.0 76.0 76.4 177.4 177.4 142.4 231.8 231.8 64.0 64.0 131.5 150.8 286.5 286.5 129.3 236.1 141.2 236.1 142.7 142.7 254.2 254.2 183.5 183.5 93.9 252.1 145.5 145.5 194.4 154.0 55.4 55.4 178.1 152.4 175.9 178.1 175.9 113.4 95.0 86.9 86.9 299.9 128.4 79.5 128.4 144.6 154.8 139.8 142.7 158.3 121.6 177.6 121.6 236.7 134.2 134.2 167.1 295.3 295.3 193.1 107.8
0 0 0 0 0 0 0 0 0 0 0 0 0 0 0 0 0 0 0 0 0 0 0 0 0 0 0 0 0 0 0 0 0 158.4 158.4 35.1 248.2 234.4 204.0 131.0 35.1 248.2 248.2 194.9 230.3 230.3 115.6 115.6 183.9 200.4 296.4 296.4 162.8 303.4 191.9 303.4 193.6 193.6 237.4 237.4 252.5 252.5 126.0 246.4 195.1 195.1 206.4 204.0 62.9 62.9 192.5 45.1 240.5 192.5 240.5 169.2 98.6 141.3 141.3 284.4 180.6 81.6 180.6 189.4 207.2 185.4 193.6 212.7 176.4 196.0 176.4 248.8 187.0 187.0 225.2 328.3 328.3 220.6 0.0
0 0 0 0 0 0 0 0 0 0 0 0 0 0 0 0 0 0 0 0 0 0 0 0 0 0 0 0 0 0 0 0 0 0 0.0 125.5 90.0 77.7 52.3 29.4 125.5 90.0 90.0 40.9 142.5 142.5 45.6 45.6 29.6 48.9 188.5 188.5 35.8 145.6 39.3 145.6 40.9 40.9 172.3 172.3 94.2 94.2 36.4 163.5 43.5 43.5 101.5 52.3 99.8 99.8 86.2 190.7 82.5 86.2 82.5 11.8 68.0 17.7 17.7 213.4 26.4 78.2 26.4 42.6 53.7 37.8 40.9 58.0 20.0 83.3 20.0 140.1 32.5 32.5 69.0 193.1 193.1 93.1 158.4
0 0 0 0 0 0 0 0 0 0 0 0 0 0 0 0 0 0 0 0 0 0 0 0 0 0 0 0 0 0 0 0 0 0 0 125.5 90.0 77.7 52.3 29.4 125.5 90.0 90.0 40.9 142.5 142.5 45.6 45.6 29.6 48.9 188.5 188.5 35.8 145.6 39.3 145.6 40.9 40.9 172.3 172.3 94.2 94.2 36.4 163.5 43.5 43.5 101.5 52.3 99.8 99.8 86.2 190.7 82.5 86.2 82.5 11.8 68.0 17.7 17.7 213.4 26.4 78.2 26.4 42.6 53.7 37.8 40.9 58.0 20.0 83.3 20.0 140.1 32.5 32.5 69.0 193.1 193.1 93.1 158.4
0 0 0 0 0 0 0 0 0 0 0 0 0 0 0 0 0 0 0 0 0 0 0 0 0 0 0 0 0 0 0 0 0 0 0 0 214.9 202.5 173.1 97.2 0.0 214.9 214.9 163.5 212.3 212.3 81.5 81.5 152.2 169.6 276.4 276.4 133.8 271.0 160.6 271.0 162.4 162.4 224.4 224.4 219.5 219.5 95.3 230.1 164.1 164.1 184.0 173.1 27.9 27.9 169.0 77.2 207.9 169.0 207.9 136.6 71.7 108.1 108.1 271.9 148.9 52.1 148.9 159.1 176.0 154.8 162.4 181.3 144.1 171.6 144.1 227.4 155.3 155.3 193.4 302.7 302.7 194.7 35.1
0 0 0 0 0 0 0 0 0 0 0 0 0 0 0 0 0 0 0 0 0 0 0 0 0 0 0 0 0 0 0 0 0 0 0 0 0 28.1 57.2 117.7 214.9 0.0 0.0 59.9 159.2 159.2 133.7 133.7 68.2 59.6 172.4 172.4 98.1 58.8 63.7 58.8 62.2 62.2 196.1 196.1 7.2 7.2 124.6 176.8 62.6 62.6 123.3 57.2 188.5 188.5 117.2 280.2 16.2 117.2 16.2 79.7 155.8 106.9 106.9 223.0 71.1 168.0 71.1 71.5 52.2 73.0 62.2 46.5 73.4 110.2 73.4 138.3 65.6 65.6 34.5 144.2 144.2 95.1 248.2
0 0 0 0 0 0 0 0 0 0 0 0 0 0 0 0 0 0 0 0 0 0 0 0 0 0 0 0 0 0 0 0 0 0 0 0 0 0 33.1 107.0 202.5 28.1 28.1 39.8 131.4 131.4 123.3 123.3 50.5 36.3 148.7 148.7 76.6 69.4 43.2 69.4 41.5 41.5 168.2 168.2 26.3 26.3 108.6 149.3 40.7 40.7 95.2 33.1 177.5 177.5 89.5 263.3 11.9 89.5 11.9 66.2 138.5 95.4 95.4 196.2 53.8 153.0 53.8 48.6 28.7 51.3 41.5 22.7 58.4 82.5 58.4 111.6 47.5 47.5 9.4 129.3 129.3 67.2 234.4
0 0 0 0 0 0 0 0 0 0 0 0 0 0 0 0 0 0 0 0 0 0 0 0 0 0 0 0 0 0 0 0 0 0 0 0 0 0 0 81.1 173.1 57.2 57.2 11.7 113.1 113.1 96.8 96.8 22.7 3.6 145.2 145.2 43.6 101.8 13.0 101.8 11.4 11.4 148.4 148.4 57.8 57.8 78.0 133.0 9.1 9.1 72.9 0.0 149.3 149.3 63.2 231.2 43.0 63.2 43.0 40.7 106.6 69.2 69.2 182.3 25.8 122.4 25.8 15.5 5.1 18.8 11.4 10.8 32.5 56.9 32.5 100.7 19.9 19.9 24.0 141.6 141.6 51.6 204.0
0 0 0 0 0 0 0 0 0 0 0 0 0 0 0 0 0 0 0 0 0 0 0 0 0 0 0 0 0 0 0 0 0 0 0 0 0 0 0 0 97.2 117.7 117.7 70.0 158.8 158.8 16.2 16.2 58.6 77.6 210.8 210.8 53.5 174.4 68.0 174.4 69.7 69.7 184.8 184.8 122.4 122.4 25.3 179.6 72.1 72.1 119.8 81.1 70.9 70.9 103.6 165.8 111.4 103.6 111.4 41.1 49.7 11.8 11.8 228.6 55.3 53.7 55.3 69.7 82.8 64.9 69.7 87.3 49.2 102.4 49.2 161.2 61.5 61.5 98.3 220.5 220.5 117.0 131.0
0 0 0 0 0 0 0 0 0 0 0 0 0 0 0 0 0 0 0 0 0 0 0 0 0 0 0 0 0 0 0 0 0 0 0 0 0 0 0 0 0 214.9 214.9 163.5 212.3 212.3 81.5 81.5 152.2 169.6 276.4 276.4 133.8 271.0 160.6 271.0 162.4 162.4 224.4 224.4 219.5 219.5 95.3 230.1 164.1 164.1 184.0 173.1 27.9 27.9 169.0 77.2 207.9 169.0 207.9 136.6 71.7 108.1 108.1 271.9 148.9 52.1 148.9 159.1 176.0 154.8 162.4 181.3 144.1 171.6 144.1 227.4 155.3 155.3 193.4 302.7 302.7 194.7 35.1
0 0 0 0 0 0 0 0 0 0 0 0 0 0 0 0 0 0 0 0 0 0 0 0 0 0 0 0 0 0 0 0 0 0 0 0 0 0 0 0 0 0 0.0 59.9 159.2 159.2 133.7 133.7 68.2 59.6 172.4 172.4 98.1 58.8 63.7 58.8 62.2 62.2 196.1 196.1 7.2 7.2 124.6 176.8 62.6 62.6 123.3 57.2 188.5 188.5 117.2 280.2 16.2 117.2 16.2 79.7 155.8 106.9 106.9 223.0 71.1 168.0 71.1 71.5 52.2 73.0 62.2 46.5 73.4 110.2 73.4 138.3 65.6 65.6 34.5 144.2 144.2 95.1 248.2
0 0 0 0 0 0 0 0 0 0 0 0 0 0 0 0 0 0 0 0 0 0 0 0 0 0 0 0 0 0 0 0 0 0 0 0 0 0 0 0 0 0 0 59.9 159.2 159.2 133.7 133.7 68.2 59.6 172.4 172.4 98.1 58.8 63.7 58.8 62.2 62.2 196.1 196.1 7.2 7.2 124.6 176.8 62.6 62.6 123.3 57.2 188.5 188.5 117.2 280.2 16.2 117.2 16.2 79.7 155.8 106.9 106.9 223.0 71.1 168.0 71.1 71.5 52.2 73.0 62.2 46.5 73.4 110.2 73.4 138.3 65.6 65.6 34.5 144.2 144.2 95.1 248.2
0 0 0 0 0 0 0 0 0 0 0 0 0 0 0 0 0 0 0 0 0 0 0 0 0 0 0 0 0 0 0 0 0 0 0 0 0 0 0 0 0 0 0 0 120.5 120.5 86.0 86.0 11.5 8.9 155.7 155.7 38.2 109.2 3.9 109.2 2.7 2.7 154.8 154.8 61.8 61.8 68.9 140.8 5.3 5.3 79.4 11.7 139.1 139.1 67.9 223.5 47.7 67.9 47.7 29.3 98.6 58.2 58.2 190.4 14.8 113.4 14.8 13.4 12.8 13.4 2.7 17.8 21.0 62.3 21.0 110.2 8.5 8.5 30.5 153.3 153.3 61.0 194.9
0 0 0 0 0 0 0 0 0 0 0 0 0 0 0 0 0 0 0 0 0 0 0 0 0 0 0 0 0 0 0 0 0 0 0 0 0 0 0 0 0 0 0 0 0 0.0 168.0 168.0 124.3 113.4 67.6 67.6 107.3 172.7 118.1 172.7 118.1 118.1 37.2 37.2 155.9 155.9 137.9 21.0 115.2 115.2 41.6 113.1 200.3 200.3 56.3 236.9 143.0 56.3 143.0 136.2 144.4 150.7 150.7 71.0 125.2 164.8 125.2 108.6 117.2 111.9 118.1 120.2 131.4 59.7 131.4 32.3 123.7 123.7 127.1 119.7 119.7 64.3 230.3
0 0 0 0 0 0 0 0 0 0 0 0 0 0 0 0 0 0 0 0 0 0 0 0 0 0 0 0 0 0 0 0 0 0 0 0 0 0 0 0 0 0 0 0 0 0 168.0 168.0 124.3 113.4 67.6 67.6 107.3 172.7 118.1 172.7 118.1 118.1 37.2 37.2 155.9 155.9 137.9 21.0 115.2 115.2 41.6 113.1 200.3 200.3 56.3 236.9 143.0 56.3 143.0 136.2 144.4 150.7 150.7 71.0 125.2 164.8 125.2 108.6 117.2 111.9 118.1 120.2 131.4 59.7 131.4 32.3 123.7 123.7 127.1 119.7 119.7 64.3 230.3
0 0 0 0 0 0 0 0 0 0 0 0 0 0 0 0 0 0 0 0 0 0 0 0 0 0 0 0 0 0 0 0 0 0 0 0 0 0 0 0 0 0 0 0 0 0 0 0.0 74.5 93.4 222.7 222.7 66.0 190.6 83.8 190.6 85.5 85.5 191.9 191.9 138.5 138.5 30.2 188.6 87.8 87.8 130.4 96.8 54.8 54.8 114.1 151.8 127.6 114.1 127.6 57.3 43.4 27.9 27.9 236.8 71.2 41.6 71.2 84.9 98.8 80.2 85.5 103.4 65.3 113.7 65.3 172.9 77.5 77.5 114.5 235.2 235.2 130.4 115.6
0 0 0 0 0 0 0 0 0 0 0 0 0 0 0 0 0 0 0 0 0 0 0 0 0 0 0 0 0 0 0 0 0 0 0 0 0 0 0 0 0 0 0 0 0 0 0 0 74.5 93.4 222.7 222.7 66.0 190.6 83.8 190.6 85.5 85.5 191.9 191.9 138.5 138.5 30.2 188.6 87.8 87.8 130.4 96.8 54.8 54.8 114.1 151.8 127.6 114.1 127.6 57.3 43.4 27.9 27.9 236.8 71.2 41.6 71.2 84.9 98.8 80.2 85.5 103.4 65.3 113.7 65.3 172.9 77.5 77.5 114.5 235.2 235.2 130.4 115.6
0 0 0 0 0 0 0 0 0 0 0 0 0 0 0 0 0 0 0 0 0 0 0 0 0 0 0 0 0 0 0 0 0 0 0 0 0 0 0 0 0 0 0 0 0 0 0 0 0 19.4 163.5 163.5 31.3 119.8 9.8 119.8 11.3 11.3 157.4 157.4 71.0 71.0 58.1 145.0 14.0 14.0 82.8 22.7 127.7 127.7 69.6 213.2 57.5 69.6 57.5 18.0 88.4 46.7 46.7 194.9 3.3 102.4 3.3 16.1 24.3 12.4 11.3 29.1 9.9 64.9 9.9 116.8 3.1 3.1 41.3 163.9 163.9 68.0 183.9
0 0 0 0 0 0 0 0 0 0 0 0 0 0 0 0 0 0 0 0 0 0 0 0 0 0 0 0 0 0 0 0 0 0 0 0 0 0 0 0 0 0 0 0 0 0 0 0 0 0 147.0 147.0 40.3 105.2 9.7 105.2 8.2 8.2 148.3 148.3 60.5 60.5 74.4 133.4 5.6 5.6 72.8 3.6 145.8 145.8 62.4 227.8 45.8 62.4 45.8 37.4 103.1 65.8 65.8 182.9 22.5 118.8 22.5 12.3 7.7 15.3 8.2 13.7 29.3 56.3 29.3 101.9 16.7 16.7 27.0 144.6 144.6 52.7 200.4
0 0 0 0 0 0 0 0 0 0 0 0 0 0 0 0 0 0 0 0 0 0 0 0 0 0 0 0 0 0 0 0 0 0 0 0 0 0 0 0 0 0 0 0 0 0 0 0 0 0 0 0.0 157.3 162.0 154.9 162.0 154.1 154.1 81.1 81.1 166.8 166.8 193.8 58.3 150.9 150.9 93.5 145.2 261.8 261.8 109.5 304.4 158.2 109.5 158.2 179.5 206.1 200.7 200.7 68.7 165.5 226.7 165.5 147.7 147.5 152.1 154.1 147.8 172.7 109.0 172.7 50.0 161.8 161.8 148.8 69.1 69.1 95.7 296.4
0 0 0 0 0 0 0 0 0 0 0 0 0 0 0 0 0 0 0 0 0 0 0 0 0 0 0 0 0 0 0 0 0 0 0 0 0 0 0 0 0 0 0 0 0 0 0 0 0 0 0 0 157.3 162.0 154.9 162.0 154.1 154.1 81.1 81.1 166.8 166.8 193.8 58.3 150.9 150.9 93.5 145.2 261.8 261.8 109.5 304.4 158.2 109.5 158.2 179.5 206.1 200.7 200.7 68.7 165.5 226.7 165.5 147.7 147.5 152.1 154.1 147.8 172.7 109.0 172.7 50.0 161.8 161.8 148.8 69.1 69.1 95.7 296.4
0 0 0 0 0 0 0 0 0 0 0 0 0 0 0 0 0 0 0 0 0 0 0 0 0 0 0 0 0 0 0 0 0 0 0 0 0 0 0 0 0 0 0 0 0 0 0 0 0 0 0 0 0 145.4 34.4 145.4 35.9 35.9 136.5 136.5 99.9 99.9 39.5 128.3 36.0 36.0 67.0 43.6 112.4 112.4 51.1 188.1 85.6 51.1 85.6 32.6 64.3 43.9 43.9 178.0 29.5 81.8 29.5 28.1 47.9 25.4 35.9 53.9 31.8 49.2 31.8 107.8 33.3 33.3 67.3 170.9 170.9 64.5 162.8
0 0 0 0 0 0 0 0 0 0 0 0 0 0 0 0 0 0 0 0 0 0 0 0 0 0 0 0 0 0 0 0 0 0 0 0 0 0 0 0 0 0 0 0 0 0 0 0 0 0 0 0 0 0 112.6 0.0 110.8 110.8 209.0 209.0 52.8 52.8 177.8 185.5 109.9 109.9 146.9 101.8 245.3 245.3 147.1 332.7 63.1 147.1 63.1 134.4 207.9 163.1 163.1 224.2 123.0 222.2 123.0 117.3 97.8 120.4 110.8 91.9 127.1 140.0 127.1 144.1 116.8 116.8 78.8 112.6 112.6 116.5 303.4
0 0 0 0 0 0 0 0 0 0 0 0 0 0 0 0 0 0 0 0 0 0 0 0 0 0 0 0 0 0 0 0 0 0 0 0 0 0 0 0 0 0 0 0 0 0 0 0 0 0 0 0 0 0 0 112.6 1.8 1.8 152.1 152.1 65.6 65.6 65.8 138.6 4.3 4.3 76.9 13.0 136.5 136.5 64.9 220.1 51.4 64.9 51.4 27.8 95.3 56.2 56.2 188.4 12.8 110.3 12.8 10.1 15.4 9.5 1.8 20.8 19.7 59.5 19.7 108.8 7.2 7.2 33.8 154.2 154.2 59.7 191.9
0 0 0 0 0 0 0 0 0 0 0 0 0 0 0 0 0 0 0 0 0 0 0 0 0 0 0 0 0 0 0 0 0 0 0 0 0 0 0 0 0 0 0 0 0 0 0 0 0 0 0 0 0 0 0 0 110.8 110.8 209.0 209.0 52.8 52.8 177.8 185.5 109.9 109.9 146.9 101.8 245.3 245.3 147.1 332.7 63.1 147.1 63.1 134.4 207.9 163.1 163.1 224.2 123.0 222.2 123.0 117.3 97.8 120.4 110.8 91.9 127.1 140.0 127.1 144.1 116.8 116.8 78.8 112.6 112.6 116.5 303.4
0 0 0 0 0 0 0 0 0 0 0 0 0 0 0 0 0 0 0 0 0 0 0 0 0 0 0 0 0 0 0 0 0 0 0 0 0 0 0 0 0 0 0 0 0 0 0 0 0 0 0 0 0 0 0 0 0 0.0 152.2 152.2 64.0 64.0 67.6 138.4 3.2 3.2 76.9 11.4 138.3 138.3 65.2 221.9 49.8 65.2 49.8 29.3 97.0 57.8 57.8 188.1 14.4 112.1 14.4 10.7 13.6 10.8 0.0 19.1 21.1 59.7 21.1 108.3 8.6 8.6 32.1 152.8 152.8 59.1 193.6
0 0 0 0 0 0 0 0 0 0 0 0 0 0 0 0 0 0 0 0 0 0 0 0 0 0 0 0 0 0 0 0 0 0 0 0 0 0 0 0 0 0 0 0 0 0 0 0 0 0 0 0 0 0 0 0 0 0 152.2 152.2 64.0 64.0 67.6 138.4 3.2 3.2 76.9 11.4 138.3 138.3 65.2 221.9 49.8 65.2 49.8 29.3 97.0 57.8 57.8 188.1 14.4 112.1 14.4 10.7 13.6 10.8 0.0 19.1 21.1 59.7 21.1 108.3 8.6 8.6 32.1 152.8 152.8 59.1 193.6
0 0 0 0 0 0 0 0 0 0 0 0 0 0 0 0 0 0 0 0 0 0 0 0 0 0 0 0 0 0 0 0 0 0 0 0 0 0 0 0 0 0 0 0 0 0 0 0 0 0 0 0 0 0 0 0 0 0 0 0.0 193.0 193.0 161.8 25.7 149.6 149.6 75.5 148.4 216.6 216.6 87.8 236.9 179.9 87.8 179.9 167.5 161.9 178.1 178.1 47.4 157.8 181.4 157.8 142.3 152.7 145.0 152.2 156.1 163.6 92.7 163.6 65.6 157.1 157.1 163.7 144.9 144.9 101.0 237.4
0 0 0 0 0 0 0 0 0 0 0 0 0 0 0 0 0 0 0 0 0 0 0 0 0 0 0 0 0 0 0 0 0 0 0 0 0 0 0 0 0 0 0 0 0 0 0 0 0 0 0 0 0 0 0 0 0 0 0 0 193.0 193.0 161.8 25.7 149.6 149.6 75.5 148.4 216.6 216.6 87.8 236.9 179.9 87.8 179.9 167.5 161.9 178.1 178.1 47.4 157.8 181.4 157.8 142.3 152.7 145.0 152.2 156.1 163.6 92.7 163.6 65.6 157.1 157.1 163.7 144.9 144.9 101.0 237.4
0 0 0 0 0 0 0 0 0 0 0 0 0 0 0 0 0 0 0 0 0 0 0 0 0 0 0 0 0 0 0 0 0 0 0 0 0 0 0 0 0 0 0 0 0 0 0 0 0 0 0 0 0 0 0 0 0 0 0 0 0 0.0 128.1 173.0 64.0 64.0 121.0 57.8 193.3 193.3 115.8 283.8 14.9 115.8 14.9 83.5 159.1 111.4 111.4 218.7 73.9 171.9 73.9 72.7 52.9 74.6 64.0 47.0 76.8 108.8 76.8 134.0 68.2 68.2 34.2 137.3 137.3 92.2 252.5
0 0 0 0 0 0 0 0 0 0 0 0 0 0 0 0 0 0 0 0 0 0 0 0 0 0 0 0 0 0 0 0 0 0 0 0 0 0 0 0 0 0 0 0 0 0 0 0 0 0 0 0 0 0 0 0 0 0 0 0 0 0 128.1 173.0 64.0 64.0 121.0 57.8 193.3 193.3 115.8 283.8 14.9 115.8 14.9 83.5 159.1 111.4 111.4 218.7 73.9 171.9 73.9 72.7 52.9 74.6 64.0 47.0 76.8 108.8 76.8 134.0 68.2 68.2 34.2 137.3 137.3 92.2 252.5
0 0 0 0 0 0 0 0 0 0 0 0 0 0 0 0 0 0 0 0 0 0 0 0 0 0 0 0 0 0 0 0 0 0 0 0 0 0 0 0 0 0 0 0 0 0 0 0 0 0 0 0 0 0 0 0 0 0 0 0 0 0 0 158.4 69.1 69.1 100.9 78.0 73.0 73.0 84.6 155.6 115.3 84.6 115.3 45.1 31.6 25.3 25.3 206.6 54.8 44.5 54.8 63.8 81.1 59.5 67.6 86.6 51.3 84.8 51.3 143.8 61.1 61.1 99.3 210.4 210.4 103.5 126.0
0 0 0 0 0 0 0 0 0 0 0 0 0 0 0 0 0 0 0 0 0 0 0 0 0 0 0 0 0 0 0 0 0 0 0 0 0 0 0 0 0 0 0 0 0 0 0 0 0 0 0 0 0 0 0 0 0 0 0 0 0 0 0 0 135.5 135.5 62.4 133.0 219.3 219.3 77.3 250.2 160.7 77.3 160.7 157.1 163.4 171.6 171.6 50.1 145.9 183.7 145.9 129.2 136.9 132.5 138.4 139.6 152.3 80.6 152.3 41.4 144.3 144.3 145.7 119.6 119.6 82.9 246.4
0 0 0 0 0 0 0 0 0 0 0 0 0 0 0 0 0 0 0 0 0 0 0 0 0 0 0 0 0 0 0 0 0 0 0 0 0 0 0 0 0 0 0 0 0 0 0 0 0 0 0 0 0 0 0 0 0 0 0 0 0 0 0 0 0 0.0 74.2 9.1 140.3 140.3 62.8 222.8 49.6 62.8 49.6 32.0 98.1 60.3 60.3 185.2 17.0 113.5 17.0 9.1 12.2 10.7 3.2 18.0 23.9 57.1 23.9 105.1 11.5 11.5 31.3 149.9 149.9 56.0 195.1
0 0 0 0 0 0 0 0 0 0 0 0 0 0 0 0 0 0 0 0 0 0 0 0 0 0 0 0 0 0 0 0 0 0 0 0 0 0 0 0 0 0 0 0 0 0 0 0 0 0 0 0 0 0 0 0 0 0 0 0 0 0 0 0 0 0 74.2 9.1 140.3 140.3 62.8 222.8 49.6 62.8 49.6 32.0 98.1 60.3 60.3 185.2 17.0 113.5 17.0 9.1 12.2 10.7 3.2 18.0 23.9 57.1 23.9 105.1 11.5 11.5 31.3 149.9 149.9 56.0 195.1
0 0 0 0 0 0 0 0 0 0 0 0 0 0 0 0 0 0 0 0 0 0 0 0 0 0 0 0 0 0 0 0 0 0 0 0 0 0 0 0 0 0 0 0 0 0 0 0 0 0 0 0 0 0 0 0 0 0 0 0 0 0 0 0 0 0 0 72.9 168.4 168.4 16.3 220.1 107.1 16.3 107.1 94.8 113.1 110.8 110.8 112.4 83.6 133.6 83.6 67.2 77.3 70.4 76.9 81.0 89.9 18.2 89.9 43.7 82.3 82.3 89.6 124.3 124.3 30.5 206.4
0 0 0 0 0 0 0 0 0 0 0 0 0 0 0 0 0 0 0 0 0 0 0 0 0 0 0 0 0 0 0 0 0 0 0 0 0 0 0 0 0 0 0 0 0 0 0 0 0 0 0 0 0 0 0 0 0 0 0 0 0 0 0 0 0 0 0 0 149.3 149.3 63.2 231.2 43.0 63.2 43.0 40.7 106.6 69.2 69.2 182.3 25.8 122.4 25.8 15.5 5.1 18.8 11.4 10.8 32.5 56.9 32.5 100.7 19.9 19.9 24.0 141.6 141.6 51.6 204.0
0 0 0 0 0 0 0 0 0 0 0 0 0 0 0 0 0 0 0 0 0 0 0 0 0 0 0 0 0 0 0 0 0 0 0 0 0 0 0 0 0 0 0 0 0 0 0 0 0 0 0 0 0 0 0 0 0 0 0 0 0 0 0 0 0 0 0 0 0 0.0 152.7 103.8 182.2 152.7 182.2 111.3 56.0 82.2 82.2 263.8 124.4 35.6 124.4 136.0 151.8 131.5 138.3 156.8 119.1 154.3 119.1 212.1 130.8 130.8 168.5 283.1 283.1 175.5 62.9
0 0 0 0 0 0 0 0 0 0 0 0 0 0 0 0 0 0 0 0 0 0 0 0 0 0 0 0 0 0 0 0 0 0 0 0 0 0 0 0 0 0 0 0 0 0 0 0 0 0 0 0 0 0 0 0 0 0 0 0 0 0 0 0 0 0 0 0 0 0 152.7 103.8 182.2 152.7 182.2 111.3 56.0 82.2 82.2 263.8 124.4 35.6 124.4 136.0 151.8 131.5 138.3 156.8 119.1 154.3 119.1 212.1 130.8 130.8 168.5 283.1 283.1 175.5 62.9
0 0 0 0 0 0 0 0 0 0 0 0 0 0 0 0 0 0 0 0 0 0 0 0 0 0 0 0 0 0 0 0 0 0 0 0 0 0 0 0 0 0 0 0 0 0 0 0 0 0 0 0 0 0 0 0 0 0 0 0 0 0 0 0 0 0 0 0 0 0 0 208.2 101.3 0.0 101.3 80.2 97.7 94.8 94.8 127.2 70.1 118.1 70.1 54.9 68.0 57.4 65.2 72.4 75.9 7.2 75.9 59.6 69.5 69.5 82.7 136.5 136.5 33.0 192.5
0 0 0 0 0 0 0 0 0 0 0 0 0 0 0 0 0 0 0 0 0 0 0 0 0 0 0 0 0 0 0 0 0 0 0 0 0 0 0 0 0 0 0 0 0 0 0 0 0 0 0 0 0 0 0 0 0 0 0 0 0 0 0 0 0 0 0 0 0 0 0 0 270.7 208.2 270.7 200.5 124.9 174.9 174.9 282.1 210.1 112.7 210.1 215.9 235.0 212.5 221.9 240.8 206.9 212.9 206.9 259.9 216.2 216.2 253.9 344.4 344.4 239.1 45.1
0 0 0 0 0 0 0 0 0 0 0 0 0 0 0 0 0 0 0 0 0 0 0 0 0 0 0 0 0 0 0 0 0 0 0 0 0 0 0 0 0 0 0 0 0 0 0 0 0 0 0 0 0 0 0 0 0 0 0 0 0 0 0 0 0 0 0 0 0 0 0 0 0 101.3 0.0 71.4 145.9 100.0 100.0 207.3 60.6 159.4 60.6 58.1 38.2 60.2 49.8 32.2 64.2 94.3 64.2 122.6 54.6 54.6 19.3 134.6 134.6 78.9 240.5
0 0 0 0 0 0 0 0 0 0 0 0 0 0 0 0 0 0 0 0 0 0 0 0 0 0 0 0 0 0 0 0 0 0 0 0 0 0 0 0 0 0 0 0 0 0 0 0 0 0 0 0 0 0 0 0 0 0 0 0 0 0 0 0 0 0 0 0 0 0 0 0 0 0 101.3 80.2 97.7 94.8 94.8 127.2 70.1 118.1 70.1 54.9 68.0 57.4 65.2 72.4 75.9 7.2 75.9 59.6 69.5 69.5 82.7 136.5 136.5 33.0 192.5
0 0 0 0 0 0 0 0 0 0 0 0 0 0 0 0 0 0 0 0 0 0 0 0 0 0 0 0 0 0 0 0 0 0 0 0 0 0 0 0 0 0 0 0 0 0 0 0 0 0 0 0 0 0 0 0 0 0 0 0 0 0 0 0 0 0 0 0 0 0 0 0 0 0 0 71.4 145.9 100.0 100.0 207.3 60.6 159.4 60.6 58.1 38.2 60.2 49.8 32.2 64.2 94.3 64.2 122.6 54.6 54.6 19.3 134.6 134.6 78.9 240.5
0 0 0 0 0 0 0 0 0 0 0 0 0 0 0 0 0 0 0 0 0 0 0 0 0 0 0 0 0 0 0 0 0 0 0 0 0 0 0 0 0 0 0 0 0 0 0 0 0 0 0 0 0 0 0 0 0 0 0 0 0 0 0 0 0 0 0 0 0 0 0 0 0 0 0 0 76.6 29.4 29.4 207.2 15.1 88.4 15.1 32.2 41.9 27.5 29.3 46.3 8.2 76.6 8.2 131.7 20.8 20.8 57.3 181.9 181.9 83.8 169.2
0 0 0 0 0 0 0 0 0 0 0 0 0 0 0 0 0 0 0 0 0 0 0 0 0 0 0 0 0 0 0 0 0 0 0 0 0 0 0 0 0 0 0 0 0 0 0 0 0 0 0 0 0 0 0 0 0 0 0 0 0 0 0 0 0 0 0 0 0 0 0 0 0 0 0 0 0 54.8 54.8 208.7 85.3 20.6 85.3 91.6 110.3 87.9 97.0 116.0 82.5 100.0 82.5 156.7 91.3 91.3 129.1 231.1 231.1 123.1 98.6
0 0 0 0 0 0 0 0 0 0 0 0 0 0 0 0 0 0 0 0 0 0 0 0 0 0 0 0 0 0 0 0 0 0 0 0 0 0 0 0 0 0 0 0 0 0 0 0 0 0 0 0 0 0 0 0 0 0 0 0 0 0 0 0 0 0 0 0 0 0 0 0 0 0 0 0 0 0 0.0 221.0 43.4 62.2 43.4 58.1 71.0 53.3 57.8 75.5 37.4 93.1 37.4 151.5 49.7 49.7 86.6 209.0 209.0 106.4 141.3
0 0 0 0 0 0 0 0 0 0 0 0 0 0 0 0 0 0 0 0 0 0 0 0 0 0 0 0 0 0 0 0 0 0 0 0 0 0 0 0 0 0 0 0 0 0 0 0 0 0 0 0 0 0 0 0 0 0 0 0 0 0 0 0 0 0 0 0 0 0 0 0 0 0 0 0 0 0 0 221.0 43.4 62.2 43.4 58.1 71.0 53.3 57.8 75.5 37.4 93.1 37.4 151.5 49.7 49.7 86.6 209.0 209.0 106.4 141.3
0 0 0 0 0 0 0 0 0 0 0 0 0 0 0 0 0 0 0 0 0 0 0 0 0 0 0 0 0 0 0 0 0 0 0 0 0 0 0 0 0 0 0 0 0 0 0 0 0 0 0 0 0 0 0 0 0 0 0 0 0 0 0 0 0 0 0 0 0 0 0 0 0 0 0 0 0 0 0 0 195.9 228.4 195.9 179.1 186.0 182.5 188.1 188.3 202.3 130.6 202.3 84.7 194.2 194.2 193.5 137.7 137.7 131.3 284.4
0 0 0 0 0 0 0 0 0 0 0 0 0 0 0 0 0 0 0 0 0 0 0 0 0 0 0 0 0 0 0 0 0 0 0 0 0 0 0 0 0 0 0 0 0 0 0 0 0 0 0 0 0 0 0 0 0 0 0 0 0 0 0 0 0 0 0 0 0 0 0 0 0 0 0 0 0 0 0 0 0 99.2 0.0 17.9 27.6 13.7 14.4 32.5 7.2 65.6 7.2 118.4 6.4 6.4 44.6 166.9 166.9 69.9 180.6
0 0 0 0 0 0 0 0 0 0 0 0 0 0 0 0 0 0 0 0 0 0 0 0 0 0 0 0 0 0 0 0 0 0 0 0 0 0 0 0 0 0 0 0 0 0 0 0 0 0 0 0 0 0 0 0 0 0 0 0 0 0 0 0 0 0 0 0 0 0 0 0 0 0 0 0 0 0 0 0 0 0 99.2 107.9 125.6 103.8 112.1 131.1 95.3 120.2 95.3 177.2 105.5 105.5 143.7 250.7 250.7 142.7 81.6
0 0 0 0 0 0 0 0 0 0 0 0 0 0 0 0 0 0 0 0 0 0 0 0 0 0 0 0 0 0 0 0 0 0 0 0 0 0 0 0 0 0 0 0 0 0 0 0 0 0 0 0 0 0 0 0 0 0 0 0 0 0 0 0 0 0 0 0 0 0 0 0 0 0 0 0 0 0 0 0 0 0 0 17.9 27.6 13.7 14.4 32.5 7.2 65.6 7.2 118.4 6.4 6.4 44.6 166.9 166.9 69.9 180.6
0 0 0 0 0 0 0 0 0 0 0 0 0 0 0 0 0 0 0 0 0 0 0 0 0 0 0 0 0 0 0 0 0 0 0 0 0 0 0 0 0 0 0 0 0 0 0 0 0 0 0 0 0 0 0 0 0 0 0 0 0 0 0 0 0 0 0 0 0 0 0 0 0 0 0 0 0 0 0 0 0 0 0 0 20.0 4.8 10.7 26.0 25.0 49.6 25.0 100.7 15.1 15.1 39.4 150.8 150.8 52.0 189.4
0 0 0 0 0 0 0 0 0 0 0 0 0 0 0 0 0 0 0 0 0 0 0 0 0 0 0 0 0 0 0 0 0 0 0 0 0 0 0 0 0 0 0 0 0 0 0 0 0 0 0 0 0 0 0 0 0 0 0 0 0 0 0 0 0 0 0 0 0 0 0 0 0 0 0 0 0 0 0 0 0 0 0 0 0 22.7 13.6 6.0 33.7 61.6 33.7 103.8 21.3 21.3 19.4 141.5 141.5 54.9 207.2
0 0 0 0 0 0 0 0 0 0 0 0 0 0 0 0 0 0 0 0 0 0 0 0 0 0 0 0 0 0 0 0 0 0 0 0 0 0 0 0 0 0 0 0 0 0 0 0 0 0 0 0 0 0 0 0 0 0 0 0 0 0 0 0 0 0 0 0 0 0 0 0 0 0 0 0 0 0 0 0 0 0 0 0 0 0 10.8 28.6 20.7 52.5 20.7 104.8 12.2 12.2 42.0 155.6 155.6 56.4 185.4
0 0 0 0 0 0 0 0 0 0 0 0 0 0 0 0 0 0 0 0 0 0 0 0 0 0 0 0 0 0 0 0 0 0 0 0 0 0 0 0 0 0 0 0 0 0 0 0 0 0 0 0 0 0 0 0 0 0 0 0 0 0 0 0 0 0 0 0 0 0 0 0 0 0 0 0 0 0 0 0 0 0 0 0 0 0 0 19.1 21.1 59.7 21.1 108.3 8.6 8.6 32.1 152.8 152.8 59.1 193.6
0 0 0 0 0 0 0 0 0 0 0 0 0 0 0 0 0 0 0 0 0 0 0 0 0 0 0 0 0 0 0 0 0 0 0 0 0 0 0 0 0 0 0 0 0 0 0 0 0 0 0 0 0 0 0 0 0 0 0 0 0 0 0 0 0 0 0 0 0 0 0 0 0 0 0 0 0 0 0 0 0 0 0 0 0 0 0 0 38.1 65.9 38.1 105.4 26.1 26.1 13.4 139.0 139.0 57.0 212.7
0 0 0 0 0 0 0 0 0 0 0 0 0 0 0 0 0 0 0 0 0 0 0 0 0 0 0 0 0 0 0 0 0 0 0 0 0 0 0 0 0 0 0 0 0 0 0 0 0 0 0 0 0 0 0 0 0 0 0 0 0 0 0 0 0 0 0 0 0 0 0 0 0 0 0 0 0 0 0 0 0 0 0 0 0 0 0 0 0 71.8 0.0 125.4 12.6 12.6 49.4 173.9 173.9 77.0 176.4
0 0 0 0 0 0 0 0 0 0 0 0 0 0 0 0 0 0 0 0 0 0 0 0 0 0 0 0 0 0 0 0 0 0 0 0 0 0 0 0 0 0 0 0 0 0 0 0 0 0 0 0 0 0 0 0 0 0 0 0 0 0 0 0 0 0 0 0 0 0 0 0 0 0 0 0 0 0 0 0 0 0 0 0 0 0 0 0 0 0 71.8 59.1 64.5 64.5 75.9 132.4 132.4 26.9 196.0
0 0 0 0 0 0 0 0 0 0 0 0 0 0 0 0 0 0 0 0 0 0 0 0 0 0 0 0 0 0 0 0 0 0 0 0 0 0 0 0 0 0 0 0 0 0 0 0 0 0 0 0 0 0 0 0 0 0 0 0 0 0 0 0 0 0 0 0 0 0 0 0 0 0 0 0 0 0 0 0 0 0 0 0 0 0 0 0 0 0 0 125.4 12.6 12.6 49.4 173.9 173.9 77.0 176.4
0 0 0 0 0 0 0 0 0 0 0 0 0 0 0 0 0 0 0 0 0 0 0 0 0 0 0 0 0 0 0 0 0 0 0 0 0 0 0 0 0 0 0 0 0 0 0 0 0 0 0 0 0 0 0 0 0 0 0 0 0 0 0 0 0 0 0 0 0 0 0 0 0 0 0 0 0 0 0 0 0 0 0 0 0 0 0 0 0 0 0 0 115.4 115.4 109.4 89.0 89.0 49.3 248.8
0 0 0 0 0 0 0 0 0 0 0 0 0 0 0 0 0 0 0 0 0 0 0 0 0 0 0 0 0 0 0 0 0 0 0 0 0 0 0 0 0 0 0 0 0 0 0 0 0 0 0 0 0 0 0 0 0 0 0 0 0 0 0 0 0 0 0 0 0 0 0 0 0 0 0 0 0 0 0 0 0 0 0 0 0 0 0 0 0 0 0 0 0 0.0 38.3 161.3 161.3 66.5 187.0
0 0 0 0 0 0 0 0 0 0 0 0 0 0 0 0 0 0 0 0 0 0 0 0 0 0 0 0 0 0 0 0 0 0 0 0 0 0 0 0 0 0 0 0 0 0 0 0 0 0 0 0 0 0 0 0 0 0 0 0 0 0 0 0 0 0 0 0 0 0 0 0 0 0 0 0 0 0 0 0 0 0 0 0 0 0 0 0 0 0 0 0 0 0 38.3 161.3 161.3 66.5 187.0
0 0 0 0 0 0 0 0 0 0 0 0 0 0 0 0 0 0 0 0 0 0 0 0 0 0 0 0 0 0 0 0 0 0 0 0 0 0 0 0 0 0 0 0 0 0 0 0 0 0 0 0 0 0 0 0 0 0 0 0 0 0 0 0 0 0 0 0 0 0 0 0 0 0 0 0 0 0 0 0 0 0 0 0 0 0 0 0 0 0 0 0 0 0 0 133.7 133.7 63.0 225.2
0 0 0 0 0 0 0 0 0 0 0 0 0 0 0 0 0 0 0 0 0 0 0 0 0 0 0 0 0 0 0 0 0 0 0 0 0 0 0 0 0 0 0 0 0 0 0 0 0 0 0 0 0 0 0 0 0 0 0 0 0 0 0 0 0 0 0 0 0 0 0 0 0 0 0 0 0 0 0 0 0 0 0 0 0 0 0 0 0 0 0 0 0 0 0 0 0.0 108.1 328.3
0 0 0 0 0 0 0 0 0 0 0 0 0 0 0 0 0 0 0 0 0 0 0 0 0 0 0 0 0 0 0 0 0 0 0 0 0 0 0 0 0 0 0 0 0 0 0 0 0 0 0 0 0 0 0 0 0 0 0 0 0 0 0 0 0 0 0 0 0 0 0 0 0 0 0 0 0 0 0 0 0 0 0 0 0 0 0 0 0 0 0 0 0 0 0 0 0 108.1 328.3
0 0 0 0 0 0 0 0 0 0 0 0 0 0 0 0 0 0 0 0 0 0 0 0 0 0 0 0 0 0 0 0 0 0 0 0 0 0 0 0 0 0 0 0 0 0 0 0 0 0 0 0 0 0 0 0 0 0 0 0 0 0 0 0 0 0 0 0 0 0 0 0 0 0 0 0 0 0 0 0 0 0 0 0 0 0 0 0 0 0 0 0 0 0 0 0 0 0 220.6
0 0 0 0 0 0 0 0 0 0 0 0 0 0 0 0 0 0 0 0 0 0 0 0 0 0 0 0 0 0 0 0 0 0 0 0 0 0 0 0 0 0 0 0 0 0 0 0 0 0 0 0 0 0 0 0 0 0 0 0 0 0 0 0 0 0 0 0 0 0 0 0 0 0 0 0 0 0 0 0 0 0 0 0 0 0 0 0 0 0 0 0 0 0 0 0 0 0 0
